Extra 1 1 1 1 1 0 1 0 1 1 0
TF4 1 1 1 1 1 0 1 0 1 1 0
LI4 1 1 1 0 0 1 0 0 0 0 1
LI11 1 1 1 0 0 0 0 0 0 0 1
ST25 1 1 1 0 0 0 0 1 0 1 0
ST36 1 1 1 0 0 1 0 0 0 0 1
ST44 1 1 1 0 0 1 0 0 0 0 1
CO4 0 0 0 1 1 0 1 0 1 1 0
CO18 0 0 0 1 0 0 1 0 1 0 0
CO1 0 0 0 0 1 0 0 0 0 1 0
HX1 0 0 0 0 1 0 0 0 0 1 0
CO17 0 0 0 0 1 0 0 0 0 1 0
HT7 0 0 0 0 0 1 0 0 0 0 0
SP6 0 0 0 0 0 1 0 1 0 1 0
GB28 0 0 0 0 0 0 0 1 0 1 0
RN12 0 0 0 0 0 0 0 1 0 0 0
RN9 0 0 0 0 0 0 0 1 0 0 0
RN4 0 0 0 0 0 0 0 1 0 0 0
CO13 0 0 0 0 0 0 0 0 1 0 0
REN12 0 0 0 0 0 0 0 0 0 1 0
REN9 0 0 0 0 0 0 0 0 0 1 0
REN4 0 0 0 0 0 0 0 0 0 1 0
LR3 0 0 0 0 0 0 0 0 0 0 1
