5.0 0.0 1.0
4.9726095 0.5226423 1.0
4.890738 1.0395585 1.0
4.755283 1.545085 1.0
4.567727 2.0336833 1.0
4.330127 2.5 1.0
4.045085 2.9389262 1.0
3.715724 3.345653 1.0
3.3456528 3.7157245 1.0
2.9389262 4.045085 1.0
2.4999998 4.3301272 1.0
2.033683 4.5677276 1.0
1.5450848 4.755283 1.0
1.0395583 4.890738 1.0
0.5226421 4.9726095 1.0
-2.1855695E-7 5.0 1.0
-0.52264255 4.9726095 1.0
-1.0395588 4.890738 1.0
-1.5450852 4.7552824 1.0
-2.0336835 4.567727 1.0
-2.5000002 4.330127 1.0
-2.9389272 4.0450845 1.0
-3.3456535 3.715724 1.0
-3.715724 3.345653 1.0
-4.0450854 2.938926 1.0
-4.330127 2.5000002 1.0
-4.5677276 2.0336828 1.0
-4.755283 1.545084 1.0
-4.890738 1.039558 1.0
-4.9726095 0.5226425 1.0
-5.0 -4.371139E-7 1.0
-4.9726095 -0.5226422 1.0
-4.890738 -1.0395589 1.0
-4.755282 -1.545086 1.0
-4.567727 -2.0336838 1.0
-4.3301263 -2.500001 1.0
-4.045085 -2.9389267 1.0
-3.715724 -3.345653 1.0
-3.3456526 -3.7157245 1.0
-2.9389253 -4.0450854 1.0
-2.4999995 -4.3301272 1.0
-2.0336833 -4.567727 1.0
-1.5450833 -4.755283 1.0
-1.0395572 -4.890738 1.0
-0.52264166 -4.9726095 1.0
5.9624405E-8 -5.0 1.0
0.5226418 -4.9726095 1.0
1.0395597 -4.890738 1.0
1.5450857 -4.7552824 1.0
2.0336854 -4.567726 1.0
2.4999995 -4.3301272 1.0
2.9389274 -4.045084 1.0
3.3456538 -3.7157238 1.0
3.7157245 -3.3456528 1.0
4.0450864 -2.9389248 1.0
4.3301277 -2.4999988 1.0
4.5677276 -2.0336823 1.0
4.755283 -1.5450847 1.0
4.890738 -1.0395588 1.0
4.9726095 -0.5226409 1.0
4.0 0.0 0.0
3.9780877 0.41811386 0.0
3.9125905 0.8316468 0.0
3.8042262 1.236068 0.0
3.6541817 1.6269466 0.0
3.4641016 2.0 0.0
3.236068 2.351141 0.0
2.9725792 2.6765225 0.0
2.6765223 2.9725795 0.0
2.351141 3.236068 0.0
1.9999999 3.4641018 0.0
1.6269464 3.654182 0.0
1.2360679 3.8042262 0.0
0.8316466 3.9125905 0.0
0.41811368 3.9780877 0.0
-1.7484555E-7 4.0 0.0
-0.41811404 3.9780877 0.0
-0.831647 3.9125903 0.0
-1.2360681 3.804226 0.0
-1.6269468 3.6541817 0.0
-2.0000002 3.4641016 0.0
-2.3511417 3.2360675 0.0
-2.6765227 2.9725792 0.0
-2.9725792 2.6765225 0.0
-3.2360682 2.3511407 0.0
-3.4641016 2.0000002 0.0
-3.654182 1.6269463 0.0
-3.8042264 1.2360672 0.0
-3.9125905 0.83164644 0.0
-3.9780877 0.41811398 0.0
-4.0 -3.496911E-7 0.0
-3.9780877 -0.41811374 0.0
-3.9125903 -0.83164716 0.0
-3.8042257 -1.2360688 0.0
-3.6541817 -1.6269469 0.0
-3.464101 -2.0000007 0.0
-3.2360678 -2.3511415 0.0
-2.9725792 -2.6765225 0.0
-2.676522 -2.9725795 0.0
-2.3511403 -3.2360685 0.0
-1.9999996 -3.4641018 0.0
-1.6269466 -3.6541817 0.0
-1.2360666 -3.8042264 0.0
-0.8316458 -3.9125905 0.0
-0.41811335 -3.9780877 0.0
4.7699523E-8 -4.0 0.0
0.41811344 -3.9780877 0.0
0.83164775 -3.9125903 0.0
1.2360685 -3.804226 0.0
1.6269484 -3.654181 0.0
1.9999996 -3.4641018 0.0
2.351142 -3.2360673 0.0
2.676523 -2.972579 0.0
2.9725795 -2.6765223 0.0
3.236069 -2.3511398 0.0
3.4641023 -1.999999 0.0
3.6541822 -1.626946 0.0
3.8042262 -1.2360678 0.0
3.9125903 -0.83164704 0.0
3.9780877 -0.4181127 0.0
3.0 0.0 1.0
2.9835658 0.3135854 1.0
2.934443 0.6237351 1.0
2.8531697 0.927051 1.0
2.7406363 1.22021 1.0
2.598076 1.5 1.0
2.427051 1.7633557 1.0
2.2294345 2.007392 1.0
2.0073917 2.2294345 1.0
1.7633557 2.427051 1.0
1.4999999 2.5980763 1.0
1.2202098 2.7406363 1.0
0.92705095 2.8531697 1.0
0.62373495 2.934443 1.0
0.31358525 2.9835658 1.0
-1.3113416E-7 3.0 1.0
-0.31358552 2.9835658 1.0
-0.62373525 2.9344428 1.0
-0.92705107 2.8531694 1.0
-1.2202101 2.7406363 1.0
-1.5000002 2.598076 1.0
-1.7633562 2.4270506 1.0
-2.007392 2.2294345 1.0
-2.2294345 2.007392 1.0
-2.427051 1.7633555 1.0
-2.598076 1.5000002 1.0
-2.7406363 1.2202097 1.0
-2.85317 0.92705035 1.0
-2.934443 0.62373483 1.0
-2.9835658 0.3135855 1.0
-3.0 -2.6226832E-7 1.0
-2.9835658 -0.3135853 1.0
-2.9344428 -0.62373537 1.0
-2.8531692 -0.92705166 1.0
-2.7406363 -1.2202102 1.0
-2.5980759 -1.5000005 1.0
-2.4270508 -1.7633561 1.0
-2.2294345 -2.007392 1.0
-2.0073915 -2.2294345 1.0
-1.7633553 -2.4270513 1.0
-1.4999998 -2.5980763 1.0
-1.22021 -2.7406363 1.0
-0.92704993 -2.85317 1.0
-0.62373435 -2.934443 1.0
-0.313585 -2.9835658 1.0
3.577464E-8 -3.0 1.0
0.31358507 -2.9835658 1.0
0.6237358 -2.9344428 1.0
0.92705137 -2.8531694 1.0
1.2202113 -2.7406359 1.0
1.4999998 -2.5980763 1.0
1.7633564 -2.4270506 1.0
2.0073922 -2.2294343 1.0
2.2294345 -2.0073917 1.0
2.4270518 -1.7633548 1.0
2.5980768 -1.4999993 1.0
2.7406366 -1.2202095 1.0
2.8531697 -0.9270508 1.0
2.9344428 -0.6237353 1.0
2.9835658 -0.3135845 1.0
2.0 0.0 0.0
1.9890438 0.20905693 0.0
1.9562953 0.4158234 0.0
1.9021131 0.618034 0.0
1.8270909 0.8134733 0.0
1.7320508 1.0 0.0
1.618034 1.1755705 0.0
1.4862896 1.3382612 0.0
1.3382611 1.4862897 0.0
1.1755705 1.618034 0.0
0.99999994 1.7320509 0.0
0.8134732 1.827091 0.0
0.61803395 1.9021131 0.0
0.4158233 1.9562953 0.0
0.20905684 1.9890438 0.0
-8.742278E-8 2.0 0.0
-0.20905702 1.9890438 0.0
-0.4158235 1.9562951 0.0
-0.61803406 1.902113 0.0
-0.8134734 1.8270909 0.0
-1.0000001 1.7320508 0.0
-1.1755708 1.6180338 0.0
-1.3382614 1.4862896 0.0
-1.4862896 1.3382612 0.0
-1.6180341 1.1755704 0.0
-1.7320508 1.0000001 0.0
-1.827091 0.81347317 0.0
-1.9021132 0.6180336 0.0
-1.9562953 0.41582322 0.0
-1.9890438 0.20905699 0.0
-2.0 -1.7484555E-7 0.0
-1.9890438 -0.20905687 0.0
-1.9562951 -0.41582358 0.0
-1.9021128 -0.6180344 0.0
-1.8270909 -0.81347346 0.0
-1.7320505 -1.0000004 0.0
-1.6180339 -1.1755707 0.0
-1.4862896 -1.3382612 0.0
-1.338261 -1.4862897 0.0
-1.1755701 -1.6180342 0.0
-0.9999998 -1.7320509 0.0
-0.8134733 -1.8270909 0.0
-0.6180333 -1.9021132 0.0
-0.4158229 -1.9562953 0.0
-0.20905668 -1.9890438 0.0
2.3849761E-8 -2.0 0.0
0.20905672 -1.9890438 0.0
0.41582388 -1.9562951 0.0
0.61803424 -1.902113 0.0
0.8134742 -1.8270905 0.0
0.9999998 -1.7320509 0.0
1.175571 -1.6180336 0.0
1.3382615 -1.4862895 0.0
1.4862897 -1.3382611 0.0
1.6180345 -1.1755699 0.0
1.7320511 -0.9999995 0.0
1.8270911 -0.813473 0.0
1.9021131 -0.6180339 0.0
1.9562951 -0.41582352 0.0
1.9890438 -0.20905635 0.0
1.0 0.0 1.0
0.9945219 0.104528464 1.0
0.9781476 0.2079117 1.0
0.95105654 0.309017 1.0
0.9135454 0.40673664 1.0
0.8660254 0.5 1.0
0.809017 0.58778524 1.0
0.7431448 0.6691306 1.0
0.66913056 0.74314487 1.0
0.58778524 0.809017 1.0
0.49999997 0.86602545 1.0
0.4067366 0.9135455 1.0
0.30901697 0.95105654 1.0
0.20791166 0.9781476 1.0
0.10452842 0.9945219 1.0
-4.371139E-8 1.0 1.0
-0.10452851 0.9945219 1.0
-0.20791174 0.97814757 1.0
-0.30901703 0.9510565 1.0
-0.4067367 0.9135454 1.0
-0.50000006 0.8660254 1.0
-0.5877854 0.8090169 1.0
-0.6691307 0.7431448 1.0
-0.7431448 0.6691306 1.0
-0.80901706 0.5877852 1.0
-0.8660254 0.50000006 1.0
-0.9135455 0.40673658 1.0
-0.9510566 0.3090168 1.0
-0.9781476 0.20791161 1.0
-0.9945219 0.104528494 1.0
-1.0 -8.742278E-8 1.0
-0.9945219 -0.104528435 1.0
-0.97814757 -0.20791179 1.0
-0.9510564 -0.3090172 1.0
-0.9135454 -0.40673673 1.0
-0.86602527 -0.5000002 1.0
-0.80901694 -0.58778536 1.0
-0.7431448 -0.6691306 1.0
-0.6691305 -0.74314487 1.0
-0.58778507 -0.8090171 1.0
-0.4999999 -0.86602545 1.0
-0.40673664 -0.9135454 1.0
-0.30901664 -0.9510566 1.0
-0.20791145 -0.9781476 1.0
-0.10452834 -0.9945219 1.0
1.1924881E-8 -1.0 1.0
0.10452836 -0.9945219 1.0
0.20791194 -0.97814757 1.0
0.30901712 -0.9510565 1.0
0.4067371 -0.91354525 1.0
0.4999999 -0.86602545 1.0
0.5877855 -0.8090168 1.0
0.66913074 -0.74314475 1.0
0.74314487 -0.66913056 1.0
0.80901724 -0.58778495 1.0
0.86602557 -0.49999976 1.0
0.91354555 -0.4067365 1.0
0.95105654 -0.30901694 1.0
0.97814757 -0.20791176 1.0
0.9945219 -0.104528174 1.0
