5.0 0.0 0
4.9992385 0.08726203 0
4.996954 0.17449749 0
4.9931474 0.2616798 0
4.9878206 0.34878236 0
4.9809737 0.43577874 0
4.9726095 0.5226423 0
4.962731 0.60934675 0
4.95134 0.6958655 0
4.9384418 0.7821724 0
4.924039 0.86824095 0
4.908136 0.95404506 0
4.890738 1.0395585 0
4.8718505 1.1247553 0
4.8514786 1.2096096 0
4.829629 1.2940953 0
4.8063083 1.3781868 0
4.7815237 1.4618586 0
4.755283 1.545085 0
4.727593 1.6278408 0
4.698463 1.7101008 0
4.667902 1.7918397 0
4.6359196 1.873033 0
4.6025243 1.9536556 0
4.567727 2.0336833 0
4.531539 2.1130915 0
4.4939704 2.191856 0
4.455033 2.2699525 0
4.4147377 2.347358 0
4.3730984 2.424048 0
4.330127 2.5 0
4.2858367 2.5751905 0
4.2402406 2.6495962 0
4.1933527 2.7231953 0
4.145188 2.7959647 0
4.09576 2.8678825 0
4.045085 2.9389262 0
3.9931774 3.0090752 0
3.940054 3.0783076 0
3.8857296 3.146602 0
3.8302221 3.2139382 0
3.7735481 3.2802951 0
3.715724 3.345653 0
3.6567686 3.4099917 0
3.5966988 3.4732919 0
3.535534 3.535534 0
3.4732919 3.596699 0
3.4099915 3.6567688 0
3.3456528 3.7157245 0
3.280295 3.7735481 0
3.2139382 3.8302221 0
3.1466017 3.8857303 0
3.0783072 3.940054 0
3.0090752 3.9931777 0
2.9389262 4.045085 0
2.8678823 4.0957603 0
2.7959642 4.145188 0
2.723195 4.193353 0
2.6495962 4.2402406 0
2.5751903 4.2858367 0
2.4999998 4.3301272 0
2.424048 4.3730984 0
2.3473575 4.414738 0
2.269952 4.455033 0
2.1918557 4.4939704 0
2.1130912 4.531539 0
2.033683 4.5677276 0
1.9536554 4.6025243 0
1.8730326 4.6359196 0
1.7918398 4.667902 0
1.7101002 4.6984634 0
1.6278408 4.727593 0
1.5450848 4.755283 0
1.4618583 4.7815237 0
1.3781863 4.8063083 0
1.2940948 4.8296294 0
1.2096095 4.8514786 0
1.1247553 4.8718505 0
1.0395583 4.890738 0
0.9540447 4.908136 0
0.86824054 4.924039 0
0.78217244 4.9384418 0
0.6958655 4.95134 0
0.6093466 4.962731 0
0.5226421 4.9726095 0
0.43577904 4.9809737 0
0.34878254 4.9878206 0
0.26167926 4.9931474 0
0.17449689 4.996954 0
0.087261915 4.9992385 0
-2.1855695E-7 5.0 0
-0.087262355 4.9992385 0
-0.1744973 4.996954 0
-0.2616797 4.9931474 0
-0.348783 4.98782 0
-0.43577942 4.9809732 0
-0.52264255 4.9726095 0
-0.60934705 4.962731 0
-0.695866 4.95134 0
-0.7821722 4.9384418 0
-0.86824095 4.924039 0
-0.9540451 4.908136 0
-1.0395592 4.890738 0
-1.1247556 4.8718505 0
-1.2096099 4.8514786 0
-1.2940958 4.829629 0
-1.3781868 4.8063083 0
-1.4618587 4.7815237 0
-1.5450852 4.7552824 0
-1.6278405 4.727593 0
-1.7101007 4.698463 0
-1.7918403 4.667902 0
-1.8730336 4.635919 0
-1.9536557 4.6025243 0
-2.0336835 4.567727 0
-2.1130917 4.531539 0
-2.1918557 4.4939704 0
-2.269953 4.4550323 0
-2.3473577 4.4147377 0
-2.424049 4.373098 0
-2.5000002 4.330127 0
-2.57519 4.2858367 0
-2.6495967 4.24024 0
-2.7231953 4.1933527 0
-2.7959652 4.1451874 0
-2.8678823 4.09576 0
-2.9389272 4.0450845 0
-3.0090756 3.9931774 0
-3.0783072 3.940054 0
-3.1466026 3.8857293 0
-3.2139382 3.8302221 0
-3.280295 3.7735481 0
-3.3456535 3.715724 0
-3.4099925 3.6567678 0
-3.4732924 3.5966988 0
-3.535534 3.535534 0
-3.5966995 3.4732914 0
-3.6567688 3.4099915 0
-3.715724 3.345653 0
-3.7735484 3.280295 0
-3.830223 3.2139373 0
-3.8857303 3.1466012 0
-3.940054 3.0783072 0
-3.993178 3.0090742 0
-4.0450854 2.938926 0
-4.0957603 2.8678823 0
-4.145188 2.7959642 0
-4.1933537 2.7231941 0
-4.2402406 2.6495957 0
-4.2858367 2.57519 0
-4.3301277 2.499999 0
-4.373099 2.4240477 0
-4.4147377 2.3473577 0
-4.455033 2.2699518 0
-4.4939704 2.1918557 0
-4.531539 2.1130917 0
-4.5677276 2.0336828 0
-4.6025248 1.9536545 0
-4.6359196 1.8730325 0
-4.6679025 1.7918396 0
-4.6984634 1.7101 0
-4.727593 1.6278405 0
-4.7552824 1.5450852 0
-4.7815237 1.4618592 0
-4.8063083 1.3781868 0
-4.8296294 1.2940946 0
-4.8514786 1.2096093 0
-4.8718505 1.1247544 0
-4.890738 1.039558 0
-4.9081364 0.95404387 0
-4.924039 0.8682415 0
-4.9384418 0.7821722 0
-4.95134 0.69586587 0
-4.962731 0.6093464 0
-4.9726095 0.5226413 0
-4.9809737 0.4357782 0
-4.9878206 0.34878117 0
-4.9931474 0.26168025 0
-4.996954 0.17449725 0
-4.9992385 0.08726229 0
-5.0 -4.371139E-7 0
-4.9992385 -0.08726317 0
-4.996954 -0.17449813 0
-4.9931474 -0.2616811 0
-4.9878206 -0.348782 0
-4.9809737 -0.43577906 0
-4.9726095 -0.5226422 0
-4.962731 -0.6093473 0
-4.95134 -0.6958667 0
-4.9384413 -0.78217304 0
-4.924039 -0.8682423 0
-4.908136 -0.95404476 0
-4.890738 -1.0395589 0
-4.8718505 -1.1247553 0
-4.8514786 -1.2096101 0
-4.829629 -1.2940966 0
-4.8063083 -1.3781877 0
-4.781523 -1.4618601 0
-4.755283 -1.5450848 0
-4.727593 -1.6278412 0
-4.698463 -1.7101008 0
-4.667902 -1.7918406 0
-4.635919 -1.8730332 0
-4.602524 -1.9536566 0
-4.5677266 -2.0336847 0
-4.531539 -2.1130915 0
-4.49397 -2.1918564 0
-4.455033 -2.2699528 0
-4.4147377 -2.3473587 0
-4.3730984 -2.4240484 0
-4.3301263 -2.500001 0
-4.2858357 -2.575192 0
-4.2402406 -2.6495962 0
-4.193353 -2.723195 0
-4.145188 -2.7959647 0
-4.09576 -2.8678832 0
-4.045085 -2.9389267 0
-3.993177 -3.009076 0
-3.9400542 -3.078307 0
-3.8857296 -3.1466022 0
-3.8302226 -3.2139378 0
-3.7735476 -3.2802954 0
-3.7157235 -3.345654 0
-3.6567683 -3.4099922 0
-3.596698 -3.4732928 0
-3.5355341 -3.5355334 0
-3.4732916 -3.5966992 0
-3.4099917 -3.6567686 0
-3.3456526 -3.7157245 0
-3.2802942 -3.7735486 0
-3.2139375 -3.8302228 0
-3.1466017 -3.8857298 0
-3.0783076 -3.9400535 0
-3.0090759 -3.9931772 0
-2.9389253 -4.0450854 0
-2.8678818 -4.0957603 0
-2.7959645 -4.145188 0
-2.7231934 -4.193354 0
-2.6495948 -4.2402415 0
-2.5751915 -4.2858357 0
-2.4999995 -4.3301272 0
-2.424048 -4.3730984 0
-2.3473582 -4.4147377 0
-2.269951 -4.4550333 0
-2.191855 -4.4939704 0
-2.113091 -4.531539 0
-2.0336833 -4.567727 0
-1.9536561 -4.602524 0
-1.8730317 -4.63592 0
-1.7918389 -4.6679025 0
-1.7101003 -4.6984634 0
-1.6278409 -4.727593 0
-1.5450833 -4.755283 0
-1.4618595 -4.781523 0
-1.378186 -4.8063087 0
-1.2940949 -4.8296294 0
-1.2096096 -4.8514786 0
-1.1247536 -4.8718505 0
-1.0395572 -4.890738 0
-0.9540442 -4.9081364 0
-0.86824065 -4.924039 0
-0.7821726 -4.9384413 0
-0.6958663 -4.95134 0
-0.60934556 -4.962731 0
-0.52264166 -4.9726095 0
-0.43577856 -4.9809737 0
-0.34878033 -4.9878206 0
-0.2616806 -4.9931474 0
-0.17449644 -4.996954 0
-0.08726148 -4.9992385 0
5.9624405E-8 -5.0 0
0.08726399 -4.9992385 0
0.17449893 -4.996954 0
0.26168075 -4.9931474 0
0.34878284 -4.98782 0
0.43577868 -4.9809737 0
0.5226418 -4.9726095 0
0.60934806 -4.962731 0
0.69586635 -4.95134 0
0.7821727 -4.9384413 0
0.8682431 -4.9240384 0
0.9540444 -4.9081364 0
1.0395597 -4.890738 0
1.1247561 -4.87185 0
1.2096097 -4.8514786 0
1.2940973 -4.8296285 0
1.3781884 -4.8063083 0
1.4618597 -4.781523 0
1.5450857 -4.7552824 0
1.627841 -4.727593 0
1.7101004 -4.698463 0
1.7918413 -4.6679015 0
1.873034 -4.6359186 0
1.9536562 -4.602524 0
2.0336854 -4.567726 0
2.113091 -4.531539 0
2.191857 -4.49397 0
2.2699533 -4.455032 0
2.3473582 -4.4147377 0
2.4240482 -4.3730984 0
2.500002 -4.330126 0
2.5751896 -4.285837 0
2.6495972 -4.24024 0
2.7231956 -4.1933527 0
2.7959645 -4.145188 0
2.8678837 -4.095759 0
2.9389274 -4.045084 0
3.0090759 -3.9931772 0
3.0783076 -3.9400535 0
3.146602 -3.8857298 0
3.2139375 -3.8302226 0
3.280296 -3.7735472 0
3.3456538 -3.7157238 0
3.4099917 -3.6567683 0
3.4732935 -3.5966973 0
3.5355332 -3.5355344 0
3.5966997 -3.4732912 0
3.656769 -3.4099913 0
3.7157245 -3.3456528 0
3.773549 -3.2802937 0
3.830223 -3.213937 0
3.8857305 -3.146601 0
3.9400542 -3.078307 0
3.9931777 -3.009075 0
4.045085 -2.9389265 0
4.0957613 -2.867881 0
4.1451874 -2.7959657 0
4.193353 -2.7231946 0
4.2402406 -2.6495962 0
4.285836 -2.5751905 0
4.3301277 -2.4999988 0
4.373099 -2.4240472 0
4.414738 -2.3473575 0
4.455033 -2.2699525 0
4.4939713 -2.191854 0
4.5315394 -2.11309 0
4.5677276 -2.0336823 0
4.602525 -1.9536531 0
4.63592 -1.8730309 0
4.667903 -1.7918382 0
4.698463 -1.7101018 0
4.727593 -1.62784 0
4.755283 -1.5450847 0
4.7815237 -1.4618587 0
4.8063083 -1.3781875 0
4.8296294 -1.2940942 0
4.851479 -1.2096088 0
4.8718505 -1.1247551 0
4.8907385 -1.0395565 0
4.9081364 -0.9540435 0
4.924039 -0.8682399 0
4.938442 -0.7821694 0
4.9513407 -0.69586307 0
4.962731 -0.60934716 0
4.9726095 -0.52264327 0
4.9809732 -0.43578014 0
4.9878206 -0.3487819 0
4.9931474 -0.26167983 0
4.996954 -0.17449799 0
4.9992385 -0.08726066 0
3.0 0.0 1
2.9995432 0.05235722 1
2.9981725 0.10469849 1
2.9958885 0.15700787 1
2.9926922 0.2092694 1
2.988584 0.26146722 1
2.9835658 0.3135854 1
2.9776385 0.36560804 1
2.9708042 0.41751933 1
2.9630651 0.46930343 1
2.9544232 0.5209446 1
2.9448814 0.57242703 1
2.934443 0.6237351 1
2.9231102 0.6748532 1
2.9108872 0.72576576 1
2.8977776 0.77645713 1
2.883785 0.82691205 1
2.8689141 0.87711513 1
2.8531697 0.927051 1
2.8365557 0.9767044 1
2.819078 1.0260605 1
2.8007412 1.0751039 1
2.7815516 1.1238198 1
2.7615147 1.1721934 1
2.7406363 1.22021 1
2.7189233 1.2678548 1
2.696382 1.3151135 1
2.6730196 1.3619716 1
2.6488428 1.4084148 1
2.6238592 1.4544288 1
2.598076 1.5 1
2.571502 1.5451144 1
2.5441442 1.5897578 1
2.5160117 1.6339171 1
2.4871125 1.6775789 1
2.457456 1.7207296 1
2.427051 1.7633557 1
2.3959064 1.8054452 1
2.3640323 1.8469845 1
2.3314378 1.8879611 1
2.2981334 1.9283628 1
2.2641287 1.9681771 1
2.2294345 2.007392 1
2.194061 2.0459952 1
2.158019 2.0839753 1
2.1213202 2.1213202 1
2.0839753 2.1580193 1
2.045995 2.1940613 1
2.0073917 2.2294345 1
1.9681768 2.2641287 1
1.9283628 2.2981334 1
1.8879609 2.331438 1
1.8469844 2.3640323 1
1.8054452 2.3959067 1
1.7633557 2.427051 1
1.7207294 2.457456 1
1.6775784 2.4871128 1
1.633917 2.5160117 1
1.5897578 2.5441442 1
1.5451143 2.571502 1
1.4999999 2.5980763 1
1.4544287 2.6238592 1
1.4084146 2.6488428 1
1.3619713 2.67302 1
1.3151134 2.696382 1
1.2678547 2.7189236 1
1.2202098 2.7406363 1
1.1721932 2.7615147 1
1.1238196 2.7815516 1
1.075104 2.8007412 1
1.0260601 2.819078 1
0.9767044 2.8365557 1
0.92705095 2.8531697 1
0.877115 2.8689144 1
0.8269118 2.883785 1
0.77645683 2.8977776 1
0.7257657 2.9108872 1
0.67485315 2.9231102 1
0.62373495 2.934443 1
0.5724268 2.9448814 1
0.5209443 2.9544234 1
0.4693035 2.9630651 1
0.41751933 2.9708042 1
0.36560798 2.9776385 1
0.31358525 2.9835658 1
0.2614674 2.988584 1
0.20926952 2.9926922 1
0.15700756 2.9958885 1
0.10469813 2.9981725 1
0.052357152 2.9995432 1
-1.3113416E-7 3.0 1
-0.052357413 2.9995432 1
-0.10469839 2.9981725 1
-0.15700781 2.9958885 1
-0.20926979 2.992692 1
-0.26146767 2.988584 1
-0.31358552 2.9835658 1
-0.36560822 2.9776385 1
-0.41751957 2.9708042 1
-0.46930334 2.9630651 1
-0.5209446 2.9544232 1
-0.5724271 2.9448814 1
-0.62373555 2.9344428 1
-0.6748533 2.9231102 1
-0.72576594 2.9108872 1
-0.7764575 2.8977776 1
-0.82691205 2.883785 1
-0.87711525 2.8689141 1
-0.92705107 2.8531694 1
-0.97670436 2.836556 1
-1.0260603 2.819078 1
-1.0751042 2.8007412 1
-1.1238202 2.7815514 1
-1.1721935 2.7615147 1
-1.2202101 2.7406363 1
-1.2678549 2.7189233 1
-1.3151133 2.696382 1
-1.3619719 2.6730194 1
-1.4084147 2.6488428 1
-1.4544293 2.623859 1
-1.5000002 2.598076 1
-1.545114 2.571502 1
-1.5897579 2.5441442 1
-1.6339171 2.5160117 1
-1.677579 2.4871125 1
-1.7207294 2.457456 1
-1.7633562 2.4270506 1
-1.8054453 2.3959064 1
-1.8469844 2.3640323 1
-1.8879615 2.3314376 1
-1.9283628 2.2981334 1
-1.9681768 2.2641287 1
-2.007392 2.2294345 1
-2.0459955 2.1940608 1
-2.0839753 2.158019 1
-2.1213202 2.1213202 1
-2.1580198 2.0839748 1
-2.1940613 2.045995 1
-2.2294345 2.007392 1
-2.264129 1.9681768 1
-2.2981339 1.9283624 1
-2.331438 1.8879608 1
-2.3640323 1.8469844 1
-2.395907 1.8054446 1
-2.427051 1.7633555 1
-2.457456 1.7207294 1
-2.4871128 1.6775784 1
-2.5160122 1.6339164 1
-2.5441444 1.5897574 1
-2.571502 1.545114 1
-2.5980766 1.4999995 1
-2.6238594 1.4544287 1
-2.6488428 1.4084147 1
-2.67302 1.3619711 1
-2.696382 1.3151133 1
-2.7189233 1.2678549 1
-2.7406363 1.2202097 1
-2.7615147 1.1721928 1
-2.7815518 1.1238195 1
-2.8007414 1.0751038 1
-2.819078 1.02606 1
-2.836556 0.97670436 1
-2.8531694 0.92705107 1
-2.8689141 0.8771155 1
-2.883785 0.82691205 1
-2.8977776 0.7764568 1
-2.9108872 0.7257656 1
-2.9231105 0.6748526 1
-2.934443 0.62373483 1
-2.9448817 0.5724263 1
-2.9544232 0.5209449 1
-2.9630651 0.46930334 1
-2.9708042 0.41751954 1
-2.9776385 0.36560786 1
-2.9835658 0.3135848 1
-2.988584 0.26146692 1
-2.9926922 0.20926869 1
-2.9958885 0.15700814 1
-2.9981725 0.10469835 1
-2.9995432 0.052357376 1
-3.0 -2.6226832E-7 1
-2.9995432 -0.052357897 1
-2.9981725 -0.10469888 1
-2.9958885 -0.15700868 1
-2.9926922 -0.20926921 1
-2.988584 -0.26146743 1
-2.9835658 -0.3135853 1
-2.9776385 -0.36560836 1
-2.9708042 -0.41752005 1
-2.963065 -0.46930385 1
-2.9544232 -0.52094537 1
-2.9448814 -0.57242686 1
-2.9344428 -0.62373537 1
-2.9231102 -0.67485315 1
-2.910887 -0.72576606 1
-2.8977773 -0.7764579 1
-2.8837848 -0.82691264 1
-2.8689141 -0.8771161 1
-2.8531697 -0.92705095 1
-2.8365557 -0.9767048 1
-2.819078 -1.0260605 1
-2.8007412 -1.0751042 1
-2.7815514 -1.12382 1
-2.7615142 -1.1721939 1
-2.7406359 -1.2202108 1
-2.7189236 -1.2678548 1
-2.696382 -1.3151138 1
-2.6730196 -1.3619716 1
-2.6488426 -1.4084152 1
-2.623859 -1.4544291 1
-2.5980759 -1.5000005 1
-2.5715013 -1.5451151 1
-2.5441442 -1.5897578 1
-2.5160117 -1.633917 1
-2.4871125 -1.6775789 1
-2.4574559 -1.7207298 1
-2.4270508 -1.7633561 1
-2.395906 -1.8054457 1
-2.3640325 -1.8469841 1
-2.3314378 -1.8879614 1
-2.2981334 -1.9283627 1
-2.2641287 -1.9681773 1
-2.229434 -2.0073924 1
-2.1940608 -2.0459952 1
-2.1580188 -2.0839758 1
-2.1213205 -2.1213202 1
-2.083975 -2.1580195 1
-2.0459952 -2.194061 1
-2.0073915 -2.2294345 1
-1.9681766 -2.2641292 1
-1.9283626 -2.2981336 1
-1.8879609 -2.331438 1
-1.8469845 -2.3640323 1
-1.8054454 -2.3959062 1
-1.7633553 -2.4270513 1
-1.720729 -2.4574564 1
-1.6775787 -2.4871128 1
-1.6339161 -2.5160124 1
-1.589757 -2.5441449 1
-1.545115 -2.5715015 1
-1.4999998 -2.5980763 1
-1.4544288 -2.6238592 1
-1.4084148 -2.6488428 1
-1.3619707 -2.67302 1
-1.315113 -2.6963823 1
-1.2678546 -2.7189236 1
-1.22021 -2.7406363 1
-1.1721936 -2.7615144 1
-1.123819 -2.7815518 1
-1.0751033 -2.8007417 1
-1.0260602 -2.819078 1
-0.9767045 -2.8365557 1
-0.92704993 -2.85317 1
-0.8771157 -2.8689141 1
-0.8269116 -2.8837852 1
-0.77645695 -2.8977776 1
-0.7257658 -2.9108872 1
-0.67485213 -2.9231105 1
-0.62373435 -2.934443 1
-0.57242656 -2.9448817 1
-0.5209444 -2.9544234 1
-0.46930355 -2.963065 1
-0.41751975 -2.9708042 1
-0.36560735 -2.9776387 1
-0.313585 -2.9835658 1
-0.26146716 -2.988584 1
-0.20926821 -2.9926922 1
-0.15700836 -2.9958885 1
-0.10469786 -2.9981725 1
-0.052356888 -2.9995432 1
3.577464E-8 -3.0 1
0.05235839 -2.9995432 1
0.10469936 -2.9981725 1
0.15700844 -2.9958885 1
0.2092697 -2.992692 1
0.26146722 -2.988584 1
0.31358507 -2.9835658 1
0.36560884 -2.9776385 1
0.4175198 -2.9708042 1
0.4693036 -2.963065 1
0.5209459 -2.954423 1
0.5724266 -2.9448817 1
0.6237358 -2.9344428 1
0.6748536 -2.92311 1
0.7257658 -2.9108872 1
0.7764584 -2.897777 1
0.82691306 -2.8837848 1
0.8771158 -2.8689141 1
0.92705137 -2.8531694 1
0.9767046 -2.8365557 1
1.0260603 -2.819078 1
1.0751047 -2.800741 1
1.1238203 -2.7815514 1
1.1721938 -2.7615144 1
1.2202113 -2.7406359 1
1.2678546 -2.7189236 1
1.3151143 -2.6963818 1
1.361972 -2.6730192 1
1.408415 -2.6488428 1
1.4544289 -2.6238592 1
1.5000011 -2.5980756 1
1.5451137 -2.5715022 1
1.5897584 -2.544144 1
1.6339173 -2.5160115 1
1.6775787 -2.4871128 1
1.7207303 -2.4574554 1
1.7633564 -2.4270506 1
1.8054454 -2.3959062 1
1.8469845 -2.3640323 1
1.8879611 -2.331438 1
1.9283626 -2.2981334 1
1.9681776 -2.2641282 1
2.0073922 -2.2294343 1
2.0459952 -2.1940608 1
2.083976 -2.1580186 1
2.12132 -2.1213207 1
2.15802 -2.0839746 1
2.1940615 -2.0459948 1
2.2294345 -2.0073917 1
2.2641296 -1.9681761 1
2.2981339 -1.9283621 1
2.3314383 -1.8879607 1
2.3640325 -1.8469841 1
2.3959067 -1.805445 1
2.4270508 -1.763356 1
2.4574566 -1.7207286 1
2.4871123 -1.6775794 1
2.5160117 -1.6339169 1
2.5441442 -1.5897578 1
2.5715017 -1.5451144 1
2.5980768 -1.4999993 1
2.6238594 -1.4544284 1
2.6488428 -1.4084145 1
2.6730196 -1.3619716 1
2.6963828 -1.3151125 1
2.7189236 -1.2678541 1
2.7406366 -1.2202095 1
2.7615151 -1.1721919 1
2.781552 -1.1238186 1
2.8007417 -1.0751028 1
2.8190777 -1.026061 1
2.836556 -0.97670406 1
2.8531697 -0.9270508 1
2.8689141 -0.87711525 1
2.8837848 -0.8269125 1
2.8977776 -0.7764565 1
2.9108872 -0.7257653 1
2.9231102 -0.6748531 1
2.934443 -0.6237339 1
2.9448817 -0.5724261 1
2.9544234 -0.5209439 1
2.9630651 -0.46930164 1
2.9708042 -0.41751784 1
2.9776385 -0.36560827 1
2.9835656 -0.31358594 1
2.988584 -0.26146808 1
2.9926922 -0.20926914 1
2.9958885 -0.15700789 1
2.9981725 -0.1046988 1
2.9995432 -0.052356396 1
1.0 0.0 0
0.9998477 0.017452406 0
0.99939084 0.034899496 0
0.9986295 0.05233596 0
0.9975641 0.06975647 0
0.9961947 0.087155744 0
0.9945219 0.104528464 0
0.99254614 0.12186935 0
0.99026805 0.1391731 0
0.98768836 0.15643448 0
0.9848077 0.1736482 0
0.98162717 0.19080901 0
0.9781476 0.2079117 0
0.97437006 0.22495106 0
0.9702957 0.24192192 0
0.9659258 0.25881904 0
0.9612617 0.27563736 0
0.9563047 0.29237172 0
0.95105654 0.309017 0
0.94551855 0.32556814 0
0.9396926 0.34202015 0
0.9335804 0.35836795 0
0.92718387 0.3746066 0
0.92050487 0.39073113 0
0.9135454 0.40673664 0
0.90630776 0.42261827 0
0.89879405 0.43837118 0
0.8910065 0.45399052 0
0.88294756 0.4694716 0
0.8746197 0.4848096 0
0.8660254 0.5 0
0.8571673 0.51503813 0
0.8480481 0.52991927 0
0.83867055 0.54463905 0
0.82903755 0.55919296 0
0.819152 0.5735765 0
0.809017 0.58778524 0
0.7986355 0.60181504 0
0.7880108 0.6156615 0
0.7771459 0.6293204 0
0.76604444 0.64278764 0
0.7547096 0.656059 0
0.7431448 0.6691306 0
0.7313537 0.6819984 0
0.7193397 0.6946584 0
0.70710677 0.70710677 0
0.6946584 0.7193398 0
0.6819983 0.73135376 0
0.66913056 0.74314487 0
0.65605897 0.7547096 0
0.64278764 0.76604444 0
0.6293203 0.77714604 0
0.61566144 0.7880108 0
0.60181504 0.79863554 0
0.58778524 0.809017 0
0.57357645 0.81915206 0
0.55919284 0.8290376 0
0.544639 0.8386706 0
0.52991927 0.8480481 0
0.5150381 0.8571673 0
0.49999997 0.86602545 0
0.48480958 0.8746197 0
0.4694715 0.8829476 0
0.45399043 0.8910066 0
0.43837115 0.89879405 0
0.42261824 0.9063078 0
0.4067366 0.9135455 0
0.39073107 0.92050487 0
0.37460652 0.92718387 0
0.35836798 0.9335804 0
0.34202003 0.9396927 0
0.32556814 0.94551855 0
0.30901697 0.95105654 0
0.29237166 0.9563048 0
0.27563727 0.9612617 0
0.25881895 0.9659259 0
0.2419219 0.9702957 0
0.22495104 0.97437006 0
0.20791166 0.9781476 0
0.19080894 0.98162717 0
0.1736481 0.9848078 0
0.15643449 0.98768836 0
0.1391731 0.99026805 0
0.121869326 0.99254614 0
0.10452842 0.9945219 0
0.087155804 0.9961947 0
0.06975651 0.9975641 0
0.052335855 0.9986295 0
0.034899376 0.99939084 0
0.017452383 0.9998477 0
-4.371139E-8 1.0 0
-0.017452471 0.9998477 0
-0.034899462 0.99939084 0
-0.05233594 0.9986295 0
-0.0697566 0.997564 0
-0.087155886 0.99619466 0
-0.10452851 0.9945219 0
-0.12186941 0.99254614 0
-0.1391732 0.99026805 0
-0.15643445 0.98768836 0
-0.1736482 0.9848077 0
-0.19080903 0.98162717 0
-0.20791185 0.97814757 0
-0.22495112 0.97437006 0
-0.24192198 0.9702957 0
-0.25881916 0.9659258 0
-0.27563736 0.9612617 0
-0.29237175 0.9563047 0
-0.30901703 0.9510565 0
-0.3255681 0.9455186 0
-0.34202012 0.9396926 0
-0.35836807 0.9335804 0
-0.37460673 0.9271838 0
-0.39073116 0.92050487 0
-0.4067367 0.9135454 0
-0.42261833 0.90630776 0
-0.43837112 0.89879405 0
-0.4539906 0.89100647 0
-0.46947157 0.88294756 0
-0.48480976 0.8746196 0
-0.50000006 0.8660254 0
-0.515038 0.8571673 0
-0.5299193 0.84804803 0
-0.54463905 0.83867055 0
-0.559193 0.8290375 0
-0.57357645 0.819152 0
-0.5877854 0.8090169 0
-0.6018151 0.7986355 0
-0.61566144 0.7880108 0
-0.6293205 0.77714586 0
-0.64278764 0.76604444 0
-0.65605897 0.7547096 0
-0.6691307 0.7431448 0
-0.6819985 0.7313536 0
-0.69465846 0.7193397 0
-0.70710677 0.70710677 0
-0.7193399 0.6946583 0
-0.73135376 0.6819983 0
-0.7431448 0.6691306 0
-0.75470966 0.65605897 0
-0.7660446 0.64278746 0
-0.77714604 0.62932026 0
-0.7880108 0.61566144 0
-0.7986356 0.60181487 0
-0.80901706 0.5877852 0
-0.81915206 0.57357645 0
-0.8290376 0.55919284 0
-0.83867073 0.5446388 0
-0.84804815 0.52991915 0
-0.8571673 0.515038 0
-0.8660255 0.49999982 0
-0.8746198 0.48480955 0
-0.88294756 0.46947157 0
-0.8910066 0.45399037 0
-0.89879405 0.43837112 0
-0.90630776 0.42261833 0
-0.9135455 0.40673658 0
-0.9205049 0.39073092 0
-0.9271839 0.3746065 0
-0.93358046 0.35836792 0
-0.9396927 0.34202 0
-0.9455186 0.3255681 0
-0.9510565 0.30901703 0
-0.9563047 0.29237184 0
-0.9612617 0.27563736 0
-0.9659259 0.25881892 0
-0.9702957 0.24192186 0
-0.9743701 0.22495088 0
-0.9781476 0.20791161 0
-0.9816272 0.19080877 0
-0.9848077 0.1736483 0
-0.98768836 0.15643445 0
-0.99026805 0.13917318 0
-0.99254614 0.12186928 0
-0.9945219 0.10452826 0
-0.9961947 0.08715564 0
-0.9975641 0.06975623 0
-0.9986295 0.05233605 0
-0.99939084 0.03489945 0
-0.9998477 0.017452458 0
-1.0 -8.742278E-8 0
-0.9998477 -0.017452633 0
-0.99939084 -0.034899626 0
-0.9986295 -0.052336223 0
-0.9975641 -0.0697564 0
-0.9961947 -0.08715581 0
-0.9945219 -0.104528435 0
-0.99254614 -0.12186945 0
-0.99026805 -0.13917334 0
-0.9876883 -0.15643461 0
-0.9848077 -0.17364846 0
-0.98162717 -0.19080895 0
-0.97814757 -0.20791179 0
-0.97437006 -0.22495104 0
-0.97029567 -0.24192202 0
-0.96592575 -0.2588193 0
-0.96126163 -0.27563754 0
-0.95630467 -0.29237202 0
-0.95105654 -0.30901697 0
-0.94551855 -0.32556826 0
-0.9396926 -0.34202015 0
-0.9335804 -0.3583681 0
-0.9271838 -0.37460664 0
-0.92050475 -0.3907313 0
-0.9135453 -0.40673694 0
-0.9063078 -0.42261827 0
-0.898794 -0.43837127 0
-0.8910065 -0.45399055 0
-0.8829475 -0.46947172 0
-0.87461966 -0.4848097 0
-0.86602527 -0.5000002 0
-0.8571671 -0.5150384 0
-0.8480481 -0.52991927 0
-0.8386706 -0.544639 0
-0.82903755 -0.55919296 0
-0.81915194 -0.5735766 0
-0.80901694 -0.58778536 0
-0.79863536 -0.6018152 0
-0.78801084 -0.6156614 0
-0.7771459 -0.62932044 0
-0.7660445 -0.6427876 0
-0.75470954 -0.6560591 0
-0.7431447 -0.6691308 0
-0.73135364 -0.68199843 0
-0.7193396 -0.6946586 0
-0.7071068 -0.7071067 0
-0.69465834 -0.71933985 0
-0.6819984 -0.7313537 0
-0.6691305 -0.74314487 0
-0.65605885 -0.7547097 0
-0.6427875 -0.76604456 0
-0.6293203 -0.777146 0
-0.6156615 -0.7880107 0
-0.60181516 -0.7986354 0
-0.58778507 -0.8090171 0
-0.57357633 -0.8191521 0
-0.5591929 -0.8290376 0
-0.5446387 -0.8386708 0
-0.52991897 -0.84804827 0
-0.5150383 -0.8571672 0
-0.4999999 -0.86602545 0
-0.4848096 -0.8746197 0
-0.46947163 -0.88294756 0
-0.45399022 -0.89100665 0
-0.43837097 -0.8987941 0
-0.42261818 -0.9063078 0
-0.40673664 -0.9135454 0
-0.39073122 -0.9205048 0
-0.37460634 -0.927184 0
-0.35836777 -0.9335805 0
-0.34202006 -0.9396927 0
-0.32556817 -0.94551855 0
-0.30901664 -0.9510566 0
-0.2923719 -0.95630467 0
-0.2756372 -0.96126175 0
-0.25881898 -0.9659259 0
-0.24192193 -0.9702957 0
-0.22495072 -0.9743701 0
-0.20791145 -0.9781476 0
-0.19080885 -0.9816272 0
-0.17364813 -0.9848078 0
-0.15643452 -0.9876883 0
-0.13917325 -0.99026805 0
-0.12186912 -0.9925462 0
-0.10452834 -0.9945219 0
-0.087155715 -0.9961947 0
-0.06975607 -0.9975641 0
-0.052336123 -0.9986295 0
-0.034899287 -0.99939084 0
-0.017452296 -0.9998477 0
1.1924881E-8 -1.0 0
0.017452797 -0.9998477 0
0.034899786 -0.99939084 0
0.05233615 -0.9986295 0
0.06975657 -0.997564 0
0.08715574 -0.9961947 0
0.10452836 -0.9945219 0
0.121869616 -0.99254614 0
0.13917327 -0.99026805 0
0.15643454 -0.9876883 0
0.17364863 -0.98480767 0
0.19080888 -0.9816272 0
0.20791194 -0.97814757 0
0.22495121 -0.97437 0
0.24192195 -0.9702957 0
0.25881946 -0.9659257 0
0.2756377 -0.96126163 0
0.29237193 -0.95630467 0
0.30901712 -0.9510565 0
0.3255682 -0.94551855 0
0.3420201 -0.9396926 0
0.35836825 -0.93358034 0
0.3746068 -0.92718375 0
0.39073125 -0.9205048 0
0.4067371 -0.91354525 0
0.42261818 -0.9063078 0
0.43837142 -0.89879394 0
0.45399067 -0.8910064 0
0.46947166 -0.88294756 0
0.48480964 -0.8746197 0
0.50000036 -0.8660252 0
0.5150379 -0.8571674 0
0.52991945 -0.848048 0
0.5446391 -0.8386705 0
0.5591929 -0.8290376 0
0.57357675 -0.8191518 0
0.5877855 -0.8090168 0
0.60181516 -0.7986354 0
0.6156615 -0.7880107 0
0.6293204 -0.777146 0
0.6427875 -0.7660445 0
0.6560592 -0.7547094 0
0.66913074 -0.74314475 0
0.6819984 -0.73135364 0
0.6946587 -0.7193395 0
0.70710665 -0.7071069 0
0.71933997 -0.6946582 0
0.7313538 -0.68199825 0
0.74314487 -0.66913056 0
0.75470984 -0.6560587 0
0.7660446 -0.6427874 0
0.7771461 -0.6293202 0
0.78801084 -0.6156614 0
0.79863554 -0.601815 0
0.80901694 -0.5877853 0
0.81915224 -0.5735762 0
0.8290374 -0.55919313 0
0.8386706 -0.54463893 0
0.8480481 -0.52991927 0
0.85716724 -0.51503813 0
0.86602557 -0.49999976 0
0.8746198 -0.48480946 0
0.8829476 -0.46947148 0
0.8910065 -0.45399052 0
0.89879423 -0.43837082 0
0.9063079 -0.42261803 0
0.91354555 -0.4067365 0
0.92050505 -0.39073062 0
0.92718405 -0.3746062 0
0.9335806 -0.35836762 0
0.93969256 -0.34202036 0
0.9455186 -0.32556802 0
0.95105654 -0.30901694 0
0.9563047 -0.29237175 0
0.96126163 -0.2756375 0
0.9659259 -0.25881884 0
0.9702958 -0.24192177 0
0.97437006 -0.22495103 0
0.9781477 -0.2079113 0
0.9816272 -0.1908087 0
0.9848078 -0.17364797 0
0.9876884 -0.15643388 0
0.9902681 -0.13917261 0
0.99254614 -0.12186943 0
0.99452186 -0.10452865 0
0.99619466 -0.08715603 0
0.9975641 -0.06975638 0
0.9986295 -0.052335963 0
0.99939084 -0.0348996 0
0.9998477 -0.017452132 0
