0.0 0.0 0.0 -5.0
21.084036 9.334343 7.8324437 7.509496
20.03537 8.253996 8.754807 -2.504058
19.018068 8.5448065 8.425744 0.5953121
18.019112 8.457277 25.218445 -20.0
18.106436 13.961467 6.6168823 20.0
16.193027 8.880331 22.662767 -20.0
16.170546 14.660995 6.281712 20.0
14.366942 9.303383 20.107086 -20.0
14.234655 14.888126 32.55919 -20.0
16.228142 12.600321 5.0748615 20.0
12.525116 13.100107 31.551723 -20.0
14.1414385 10.980102 28.277067 -20.0
32.002434 10.532404 7.2320886 16.501577
13.259418 9.72 26.738344 -20.0
29.297766 9.484029 9.680315 -0.981431
28.056095 9.056777 10.601795 -7.725091
25.609598 9.0963955 8.63445 2.3097277
24.965311 8.577563 10.164731 -7.9358387
22.995098 8.828089 8.498071 1.6500902
22.149246 8.417573 9.342931 -4.626789
20.789066 8.565468 8.674927 -0.5472946
19.757439 8.414407 8.850526 -2.1805954
18.656122 8.454298 8.673239 -1.0947037
17.617802 8.425392 8.66253 -1.185689
16.585676 25.59836 8.609738 20.0
17.173306 6.7803063 16.314224 -20.0
14.789864 22.826714 9.341246 20.0
15.202192 36.11499 14.707901 20.0
18.2439 5.4964437 12.94886 -20.0
13.52788 34.989788 13.088025 20.0
16.1022 32.440742 11.428758 20.0
25.260975 4.015588 11.436828 -20.0
14.5984745 30.928616 10.361468 20.0
22.75574 6.8113647 10.302592 -17.456139
13.703346 29.427687 9.295714 20.0
22.444399 8.814758 9.352355 -2.6879835
19.300009 11.108877 8.776733 11.660719
27.693531 7.9943113 9.183304 -5.9449625
22.64073 10.248514 8.422513 9.130006
25.436617 8.33756 8.831171 -2.4680567
24.65747 9.247847 8.370167 4.388399
23.317453 8.63855 8.539637 0.49456596
22.289244 8.787769 8.407817 1.8997622
21.201433 8.645324 8.446634 0.9934473
20.166637 8.632758 8.4268465 1.0295582
19.138561 8.590582 8.436413 0.7708454
18.122488 8.569284 8.439032 0.6512642
17.112085 8.549831 8.445389 0.522213
16.105738 8.535977 8.450787 0.42595387
15.101806 8.52505 8.45613 0.34460068
14.099406 8.516675 8.460832 0.27921677
13.097944 8.510152 8.464967 0.22592545
12.097062 8.505061 8.468473 0.18293858
